Index	Prévision
1001	14.915560516859793
1002	14.558740385889157
1003	13.109897731865676
1004	11.285067981901554
1005	9.895918200035306
1006	8.97475194171258
1007	8.707178614214056
1008	8.78969407856917
1009	9.354217884433773
1010	10.348478712134327
1011	11.732179833336122
1012	12.924097431864467
1013	13.89198515261084
1014	14.069447134171455
1015	13.374837511465389
1016	11.911065758439063
1017	10.452486390302106
1018	9.249408846249585
1019	8.732979252813495
1020	8.724532131368084
1021	9.340875549441742
1022	10.441394563355447
1023	11.903930062648532
1024	13.114773116549252
1025	14.056093366759306
1026	14.19524427796794
1027	13.476810837153204
1028	12.010936823148567
1029	10.564098798207752
1030	9.374299424516149
1031	8.864648884406433
1032	8.855413312498003
1033	9.466992440090552
1034	10.563081231683654
1035	12.023848970725355
1036	13.23546219798092
1037	14.178604315676461
1038	14.319175917801543
1039	13.601137813812285
1040	12.134840733650073
1041	10.687337815062769
1042	9.497102796918066
1043	8.987393006610747
1044	8.978350779899156
1045	9.590162930464485
1046	10.686378103630064
1047	12.147139615588207
1048	13.358672718285115
1049	14.301736226612942
1050	14.442273887493874
1051	13.72424680702782
1052	12.25798084357881
1053	10.810503432867243
1054	9.620276442847484
1055	9.110560011183948
1056	9.101506283850316
1057	9.713310504485094
1058	10.809524247756846
1059	12.27028891846671
1060	13.481826097625992
1061	14.424891947299006
1062	14.565429633140823
1063	13.84740121231984
1064	12.381133858526265
1065	10.933655802704736
1066	9.743428961671702
1067	9.23371305929951
1068	9.224659788325917
1069	9.836464168586414
1070	10.932677809455747
1071	12.393442281928566
1072	13.60497931735427
1073	14.548045135149097
1074	14.688582872126457
1075	13.970554522390794
1076	12.504287211728172
1077	11.056809158705361
1078	9.86658229538178
1079	9.356866368497062
1080	9.347813085367688
1081	9.959617467452084
1082	11.055831117285384
1083	12.516595597895012
1084	13.728132636442874
1085	14.67119845269525
1086	14.811736186267877
1087	14.093707833937376
1088	12.627440522597706
1089	11.179962470393816
1090	9.989735608305805
1091	9.480019682211541
1092	9.470966399172665
1093	10.082770780888787
1094	11.178984430291282
1095	12.639748910673575
1096	13.851285949239433
1097	14.794351765642908
1098	14.934889499360128
1099	14.216861147089894
1100	12.750593835727718
