Index	Forecasted Values
1001	10.000041768429869
1002	9.459529093422287
1003	8.89200810852399
1004	8.503010682250263
1005	8.993508900270903
1006	10.23405539097539
1007	11.751786348940058
1008	12.949608171004908
1009	13.877267856146599
1010	14.020033262045208
1011	13.291383345620716
1012	11.8417893399567
1013	10.394161630354809
1014	9.228844617848049
1015	8.690474729998568
1016	8.673523427931311
1017	9.288553657859504
1018	10.386701410576281
1019	11.847351470362705
1020	13.04973033983316
1021	14.006143730624123
1022	14.142320107653825
1023	13.416320737179564
1024	11.963676787061233
1025	10.519669796308404
1026	9.350949782795034
1027	8.814439106960448
1028	8.795663831752048
1029	9.412345566019582
1030	10.509365324291123
1031	11.970956309356199
1032	13.17254677360612
1033	14.129574557919897
1034	14.265252619081116
1035	13.539653190134539
1036	12.086688637355273
1037	10.642941404701364
1038	9.47401370678831
1039	8.937669597220923
1040	8.918760008749208
1041	9.535549643430588
1042	10.632482719365756
1043	12.09414339383985
1044	13.295677848364846
1045	14.252750664628701
1046	14.388392532110114
1047	13.662822190082107
1048	12.209834253661787
1049	10.766105817005212
1050	9.597163012088803
1051	9.060831045885442
1052	9.04191169647154
1053	9.658709176852824
1054	10.755635946426285
1055	12.21730168993143
1056	13.418832069978656
1057	14.37590816130087
1058	14.511547396308805
1059	13.785979170256402
1060	12.332989533018766
1061	10.889262463472468
1062	9.72031855967714
1063	9.183987476749595
1064	9.165067417361406
1065	9.781865468417882
1066	10.878791779284384
1067	12.340457891496756
1068	13.541987975178218
1069	14.49906430471832
1070	14.634703348247452
1071	13.909135276105129
1072	12.456145515155043
1073	11.012418545048432
1074	9.843474561323788
1075	9.30714354264318
1076	9.288223431613499
1077	9.905021524179249
1078	11.001947801680725
1079	12.463613940711804
1080	13.665144002836472
1081	14.622220349703857
1082	14.757859379305371
1083	14.032291318358025
1084	12.579301548409452
1085	11.135574585535798
1086	9.966630595997325
1087	9.430299581989855
1088	9.41137946720392
1089	10.028177562788935
1090	11.125103837863533
1091	12.586769978845327
1092	13.788300039402015
1093	14.74537638752974
1094	14.8810154161182
1095	14.155447355985144
1096	12.702457585382048
1097	11.258730623034499
1098	10.089786633073146
1099	9.553455619405588
1100	9.534535504346433
